36
0 0 0
128 0 0
128 0 128
0 0 128
30 0 30
50 0 30
50 0 50
30 0 50
100 0 100
120 0 100
120 0 120
100 0 120
128 70 0
128 70 128
50 70 50
50 70 30
30 70 30
0 70 0
0 70 128
128 70 128
50 70 50
30 70 50
30 70 30
0 70 0
128 50 0
128 50 128
120 50 120
120 50 100
100 50 100
0 50 0
0 50 128
128 50 128
120 50 120
100 50 120
100 50 100
0 50 0
32
0 13 14 15
0 15 14 13
0 13 15 16
0 16 15 13
0 13 16 17
0 17 16 13
0 13 17 18
0 18 17 13
0 19 20 21
0 21 20 19
0 19 21 22
0 22 21 19
0 19 22 23
0 23 22 19
0 19 23 24
0 24 23 19
0 25 26 27
0 27 26 25
0 25 27 28
0 28 27 25
0 25 28 29
0 29 28 25
0 25 29 30
0 30 29 25
0 31 32 33
0 33 32 31
0 31 33 34
0 34 33 31
0 31 34 35
0 35 34 31
0 31 35 36
0 36 35 31

0
